-126.485580444	6.47100019455
-120.651870728	6.47600007057
-120.550437927	6.48699998856
-120.546340942	6.5
-120.53767395	6.51300001144
-120.53855896	6.52700018883
-120.55657959	6.54000020027
-120.555030823	6.5529999733
-120.552528381	6.56599998474
-120.565444946	6.58000016212
-120.567184448	6.59300017357
-120.561973572	6.60700011253
-120.558006287	6.62000012398
-120.549934387	6.63300013542
-120.543830872	6.64700007439
-120.573013306	6.66000008583
-120.564422607	6.67300009727
-120.573852539	6.68700003624
-120.57698822	6.70000004768
-120.591026306	6.71300005913
-120.554954529	6.72699999809
-120.548812866	6.74000000954
-120.49760437	6.75300002098
-120.475120544	6.76700019836
-120.452362061	6.77999997139
-120.430854797	6.79299998283
-120.418884277	6.80700016022
-120.3983078	6.82000017166
-120.383926392	6.83300018311
-120.378196716	6.84700012207
-120.364730835	6.86000013351
-120.357414246	6.87300014496
-120.348274231	6.88700008392
-120.331253052	6.90000009537
-120.303764343	6.91300010681
-120.279022217	6.92700004578
-120.261817932	6.94000005722
-120.259078979	6.95300006866
-120.299331665	6.96600008011
-120.316444397	6.98000001907
-120.322090149	6.99300003052
-120.378082275	7.00600004196
-120.394500732	7.01999998093
-120.437004089	7.03299999237
-120.47668457	7.04600000381
-120.606887817	7.0600001812
-120.637214661	7.07300019264
-120.694961548	7.08700013161
-120.767868042	7.10000014305
-120.835540771	7.1130001545
-120.932510376	7.12700009346
-120.99949646	7.1400001049
-121.08417511	7.15300011635
-121.20942688	7.16600012779
-121.296310425	7.18000006676
-121.402854919	7.1930000782
-121.493438721	7.20600008965
-121.614089966	7.22000002861
-121.790031433	7.23300004005
-121.923233032	7.2460000515
-122.043159485	7.25999999046
-122.183349609	7.27300000191
-122.339912415	7.28600001335
-122.564689636	7.30000019073
-122.656997681	7.31300020218
-122.770805359	7.3259999752
-122.988250732	7.34000015259
-123.109077454	7.35300016403
-123.313117981	7.36600017548
-123.450149536	7.38000011444
-123.624458313	7.39300012589
-123.757637024	7.40600013733
-123.909790039	7.42000007629
-124.098464966	7.43300008774
-124.266914368	7.44600009918
-124.458007812	7.46000003815
-124.572250366	7.47300004959
-124.719833374	7.48600006104
-124.950134277	7.5
-125.071205139	7.51300001144
-125.262214661	7.52600002289
-125.403358459	7.54000020027
-125.616279602	7.5529999733
-125.783058167	7.56599998474
-125.887985229	7.58000016212
-126.021270752	7.59300017357
-126.210281372	7.60600018501
-126.431655884	7.62000012398
-126.594688416	7.63300013542
-126.71144104	7.64600014687
-126.881210327	7.66000008583
-127.011711121	7.67300009727
-127.187324524	7.68600010872
-127.355926514	7.70000004768
-127.478401184	7.71300005913
-127.609115601	7.72699999809
-127.651527405	7.74000000954
-127.747421265	7.75300002098
-127.827514648	7.76600003242
-127.924385071	7.77999997139
-128.050231934	7.79299998283
-128.181182861	7.80599999428
-128.294631958	7.82000017166
-128.392196655	7.83300018311
-128.466567993	7.84600019455
-128.567611694	7.86000013351
-128.59979248	7.87300014496
-128.684555054	7.8860001564
-128.723129272	7.90000009537
-128.758117676	7.91300010681
-128.795394897	7.92600011826
-128.812850952	7.94000005722
-128.828323364	7.95300006866
-128.834289551	7.96600008011
-128.824630737	7.98000001907
-128.82762146	7.99300003052
-128.819412231	8.00600004196
-128.753158569	8.01999998093
-128.737930298	8.03299999237
-128.708175659	8.04600000381
-131.639343262	8.0600001812
-131.5753479	8.07300019264
-131.523605347	8.08600020409
-131.437698364	8.10000014305
-131.384857178	8.1130001545
-131.301879883	8.12600016594
-131.254241943	8.1400001049
-131.194076538	8.15300011635
-131.124206543	8.16600012779
-131.071777344	8.18000006676
-131.008270264	8.1930000782
-130.933273315	8.20600008965
-130.81111145	8.22000002861
-130.708831787	8.23300004005
-130.622924805	8.2460000515
-130.418640137	8.25999999046
-130.309799194	8.27300000191
-130.122512817	8.28600001335
-129.949020386	8.30000019073
-129.829498291	8.31300020218
-129.640014648	8.3259999752
-129.51651001	8.34000015259
-129.356292725	8.35300016403
-129.230026245	8.367000103
-129.088363647	8.38000011444
-128.943313599	8.39300012589
-128.82925415	8.40700006485
-128.757904053	8.42000007629
-128.733322144	8.43300008774
-128.761383057	8.4470000267
-128.806396484	8.46000003815
-128.758407593	8.47300004959
-128.808532715	8.48699998856
-128.835250854	8.5
-128.914596558	8.51300001144
-128.942169189	8.52700018883
-128.975143433	8.54000020027
-129.00352478	8.5529999733
-129.001663208	8.56700015068
-129.019058228	8.58000016212
-129.014251709	8.59300017357
-129.027862549	8.60700011253
-128.888961792	8.62000012398
-128.813201904	8.63300013542
-128.739349365	8.64600014687
-128.633514404	8.65900015831
-128.58895874	8.67300009727
-128.448532104	8.68600010872
-128.370635986	8.70000004768
-128.322647095	8.71300005913
-128.256149292	8.72600007057
-128.230010986	8.74000000954
-128.099807739	8.75300002098
-128.0912323	8.76600003242
-128.071014404	8.77999997139
-128.001831055	8.79299998283
-127.97731781	8.80599999428
-127.922241211	8.82000017166
-127.855377197	8.83300018311
-127.837242126	8.84600019455
-127.735496521	8.86000013351
-127.738021851	8.87300014496
-127.668151855	8.8860001564
-127.683128357	8.90000009537
-127.638153076	8.91300010681
-127.720283508	8.92600011826
-127.676361084	8.94000005722
-127.736656189	8.95300006866
-127.767021179	8.96600008011
-127.833053589	8.98000001907
-127.965194702	8.99300003052
-128.088623047	9.00600004196
-128.358642578	9.01999998093
-128.542388916	9.03299999237
-128.716384888	9.04600000381
-129.034805298	9.0600001812
-129.320556641	9.07300019264
-129.768112183	9.08600020409
-130.05821228	9.10000014305
-130.336013794	9.1130001545
-130.867324829	9.12600016594
-131.200759888	9.1400001049
-131.825790405	9.15300011635
-132.178146362	9.16600012779
-132.572509766	9.18000006676
-133.212997437	9.1930000782
-133.653671265	9.20600008965
-134.404800415	9.22000002861
-134.882553101	9.23300004005
-135.380813599	9.2460000515
-136.233078003	9.25999999046
-136.806884766	9.27300000191
-137.698257446	9.28600001335
-138.276229858	9.30000019073
-138.843765259	9.31300020218
-139.778564453	9.3259999752
-140.41519165	9.34000015259
-141.351104736	9.35300016403
-141.96875	9.36600017548
-142.526947021	9.38000011444
-143.425292969	9.39300012589
-143.993545532	9.40600013733
-144.963256836	9.42000007629
-145.586578369	9.43300008774
-146.185394287	9.44600009918
-147.142044067	9.46000003815
-147.728256226	9.47300004959
-148.701629639	9.48600006104
-149.296737671	9.5
-149.903244019	9.51300001144
-150.783920288	9.52600002289
-151.391921997	9.54000020027
-152.226531982	9.5529999733
-152.779632568	9.56599998474
-153.324234009	9.58000016212
-154.145889282	9.59300017357
-154.729263306	9.60600018501
-155.53062439	9.62000012398
-156.030929565	9.63300013542
-156.619125366	9.64600014687
-157.384078979	9.66000008583
-157.87008667	9.67300009727
-158.558013916	9.68600010872
-159.047897339	9.70000004768
-159.518539429	9.71300005913
-160.145019531	9.72600007057
-160.595245361	9.74000000954
-161.225402832	9.75300002098
-161.593429565	9.76600003242
-162.015777588	9.77999997139
-162.670013428	9.79299998283
-163.052139282	9.80599999428
-163.664077759	9.82000017166
-164.111434937	9.83300018311
-164.503295898	9.84600019455
-165.146896362	9.86000013351
-165.58241272	9.87300014496
-166.275238037	9.8860001564
-166.661819458	9.90000009537
-167.165542603	9.91300010681
-167.841461182	9.92600011826
-168.274017334	9.94000005722
-168.998580933	9.95300006866
-169.472763062	9.96600008011
-169.940734863	9.98000001907
-170.750076294	9.99300003052
-171.232589722	10.006000042
-171.984664917	10.0199999809
-172.475692749	10.0329999924
-172.983306885	10.0460000038
-173.800933838	10.0600001812
-174.277603149	10.0730001926
-175.167373657	10.0860002041
-175.676361084	10.1000001431
-176.297897339	10.1130001545
-177.106750488	10.1260001659
-177.639907837	10.1400001049
-178.440643311	10.1530001163
-178.91242981	10.1660001278
-179.50680542	10.1800000668
179.667770386	10.1930000782
179.102661133	10.2060000896
178.276641846	10.2200000286
177.729782104	10.2330000401
176.911010742	10.2460000515
176.305755615	10.2599999905
175.803649902	10.2730000019
175.037719727	10.2860000134
174.537185669	10.3000001907
173.974655151	10.3130002022
173.249038696	10.3259999752
172.752914429	10.3400001526
172.042984009	10.353000164
171.562942505	10.3660001755
171.092086792	10.3800001144
170.363388062	10.3930001259
169.941711426	10.4060001373
169.220855713	10.4200000763
168.751647949	10.4330000877
168.390930176	10.4460000992
167.655014038	10.4600000381
167.19468689	10.4730000496
166.532348633	10.486000061
166.118759155	10.5
165.421432495	10.5130000114
165.067214966	10.5260000229
164.714675903	10.5400002003
164.048065186	10.5529999733
163.686218262	10.5659999847
163.107620239	10.5800001621
162.702575684	10.5930001736
162.288330078	10.606000185
161.76524353	10.620000124
161.348373413	10.6330001354
160.853713989	10.6460001469
160.514709473	10.6600000858
160.158966064	10.6730000973
159.701812744	10.6860001087
159.341842651	10.7000000477
158.9400177	10.7130000591
158.616195679	10.7260000706
158.313980103	10.7400000095
157.873016357	10.753000021
157.568939209	10.7660000324
157.202270508	10.7799999714
156.981399536	10.7929999828
156.750320435	10.8059999943
156.439117432	10.8200001717
156.196350098	10.8330001831
155.927307129	10.8460001945
155.600418091	10.8600001335
155.266601562	10.873000145
154.933898926	10.8860001564
154.685928345	10.9000000954
154.368469238	10.9130001068
154.168380737	10.9260001183
153.929733276	10.9400000572
153.656707764	10.9530000687
153.444778442	10.9660000801
153.217544556	10.9800000191
152.911178589	10.9930000305
152.744125366	11.006000042
152.445846558	11.0190000534
152.257019043	11.0329999924
152.016159058	11.0460000038
151.819458008	11.0590000153
151.603805542	11.0730001926
151.3855896	11.0860002041
151.217285156	11.0989999771
151.08354187	11.1130001545
150.889404297	11.1260001659
150.692230225	11.1390001774
150.502716064	11.1530001163
150.385025024	11.1660001278
150.199111938	11.1790001392
150.025436401	11.1930000782
149.870407104	11.2060000896
149.624588013	11.2190001011
149.432266235	11.2330000401
149.16494751	11.2460000515
148.98097229	11.2590000629
148.796844482	11.2730000019
148.556030273	11.2860000134
148.311737061	11.2990000248
148.091903687	11.3130002022
147.741104126	11.3259999752
147.441833496	11.3389999866
147.053405762	11.353000164
146.757461548	11.3660001755
146.517181396	11.3790001869
146.179244995	11.3930001259
145.904296875	11.4060001373
145.570037842	11.4190001488
145.236297607	11.4330000877
144.834594727	11.4460000992
144.52130127	11.4590001106
144.264266968	11.4730000496
143.854125977	11.486000061
143.564758301	11.4990000725
143.262985229	11.5130000114
142.82460022	11.5260000229
142.513519287	11.5390000343
142.030181885	11.5529999733
141.659042358	11.5659999847
141.155410767	11.5789999962
140.802398682	11.5930001736
140.480651855	11.606000185
139.94342041	11.6190001965
139.530563354	11.6330001354
138.977020264	11.6460001469
138.597961426	11.6590001583
138.248687744	11.6730000973
137.674728394	11.6860001087
137.256835938	11.6990001202
136.614593506	11.7130000591
136.170898438	11.7260000706
135.694488525	11.739000082
135.034332275	11.753000021
134.586898804	11.7660000324
133.9190979	11.7790000439
133.52911377	11.7929999828
133.171722412	11.8059999943
132.607330322	11.8190000057
132.308822632	11.8330001831
131.712524414	11.8460001945
131.394989014	11.8589999676
131.079223633	11.873000145
130.535614014	11.8860001564
130.205596924	11.8990001678
129.633666992	11.9130001068
129.334762573	11.9260001183
128.994049072	11.9390001297
128.463653564	11.9530000687
128.113098145	11.9660000801
127.519012451	11.9790000916
127.241645813	11.9930000305
126.888923645	12.006000042
126.368156433	12.0190000534
126.030792236	12.0329999924
125.499252319	12.0460000038
125.172340393	12.0590000153
124.826698303	12.0730001926
124.341888428	12.0860002041
124.011116028	12.0989999771
123.540168762	12.1130001545
123.213676453	12.1260001659
122.888473511	12.1390001774
122.394447327	12.1530001163
122.058082581	12.1660001278
121.57384491	12.1790001392
121.245567322	12.1930000782
120.92855835	12.2060000896
120.447425842	12.2190001011
120.14679718	12.2330000401
119.679931641	12.2460000515
119.335281372	12.2590000629
118.99331665	12.2730000019
118.527366638	12.2860000134
118.188911438	12.2990000248
117.740859985	12.3120000362
117.405250549	12.3259999752
117.099075317	12.3389999866
116.653038025	12.3519999981
116.331947327	12.3660001755
115.897140503	12.3790001869
115.598327637	12.3920001984
115.275527954	12.4060001373
114.833930969	12.4190001488
114.496269226	12.4320001602
114.055786133	12.4460000992
113.740852356	12.4590001106
113.412445068	12.4720001221
112.955451965	12.486000061
112.658348083	12.4990000725
112.179519653	12.5120000839
111.847732544	12.5260000229
111.503662109	12.5390000343
111.028144836	12.5659999847
110.218162537	12.5789999962
109.866470337	12.5920000076
109.543945312	12.606000185
109.060424805	12.6190001965
108.722679138	12.6319999695
108.251976013	12.6460001469
107.941490173	12.6590001583
107.625411987	12.6720001698
107.156669617	12.6860001087
106.85899353	12.6990001202
106.368782043	12.7120001316
106.080551147	12.7260000706
105.743408203	12.739000082
105.291633606	12.7660000324
104.498306274	12.7790000439
104.186340332	12.7920000553
103.82989502	12.8059999943
103.338317871	12.8190000057
103.024780273	12.8320000172
102.508880615	12.8460001945
102.192749023	12.8589999676
101.862831116	12.871999979
101.400032043	12.8849999905
101.067779541	12.8990001678
100.580375671	12.9120001793
100.280593872	12.9250001907
99.9155273438	12.9390001297
99.4033660889	12.9520001411
99.0616989136	12.9660000801
98.5687484741	12.9790000916
98.1777877808	12.992000103
97.8582992554	13.0050001144
97.3699798584	13.0190000534
97.0458679199	13.0320000648
96.5461120605	13.0450000763
96.2625579834	13.0590000153
95.9009475708	13.0720000267
95.4284439087	13.0850000381
95.1075439453	13.0989999771
94.6290130615	13.1119999886
94.3219833374	13.125
93.9859161377	13.1390001774
93.5293121338	13.1520001888
93.1815719604	13.1650002003
92.6780471802	13.1790001392
92.3732452393	13.1920001507
92.0224533081	13.2050001621
91.5208129883	13.2190001011
91.1837005615	13.2320001125
90.6943054199	13.2460000515
90.3430862427	13.2590000629
89.9826202393	13.2720000744
89.5102920532	13.2850000858
89.1420059204	13.2990000248
88.6480102539	13.3120000362
88.3264770508	13.3389999866
87.4986953735	13.3519999981
87.1487960815	13.3660001755
86.650177002	13.3790001869
86.3307037354	13.3920001984
85.9964675903	13.4060001373
85.4901046753	13.4190001488
85.1452102661	13.4320001602
84.632850647	13.4460000992
84.2830734253	13.4590001106
83.9126739502	13.4720001221
83.3979949951	13.486000061
83.062789917	13.4990000725
82.5583190918	13.5120000839
82.2185058594	13.5260000229
81.8824615479	13.5390000343
81.3817749023	13.5520000458
81.0369110107	13.5659999847
80.510635376	13.5789999962
80.1468658447	13.5920000076
79.7982940674	13.606000185
79.2891159058	13.6190001965
78.9202575684	13.6319999695
78.4225540161	13.6460001469
78.0804214478	13.6590001583
77.712272644	13.6720001698
77.2535629272	13.6860001087
76.9076919556	13.6990001202
76.4691619873	13.7120001316
76.1589126587	13.7260000706
75.8190917969	13.739000082
75.3754272461	13.7520000935
75.0518188477	13.7660000324
74.616104126	13.7790000439
74.2911834717	13.7920000553
73.9798583984	13.8059999943
73.5631408691	13.8190000057
73.2298736572	13.8320000172
72.8335037231	13.8460001945
72.5610733032	13.8589999676
72.258934021	13.871999979
71.8020706177	13.8860001564
71.4987792969	13.8990001678
71.0289916992	13.9120001793
70.7779388428	13.9260001183
70.4828033447	13.9390001297
70.0072937012	13.9520001411
69.6659240723	13.9660000801
69.1853866577	13.9790000916
68.8823547363	13.992000103
68.5722732544	14.006000042
68.0290298462	14.0190000534
67.8218078613	14.0320000648
67.3129730225	14.0460000038
66.9525680542	14.0590000153
66.5913696289	14.0720000267
66.086769104	14.0860002041
65.7380981445	14.0989999771
65.2891082764	14.1130001545
64.9584579468	14.1260001659
64.5308685303	14.1390001774
64.1742324829	14.1530001163
63.8265953064	14.1660001278
63.262424469	14.1790001392
62.9126091003	14.1930000782
62.4227676392	14.2060000896
62.1082382202	14.2190001011
61.765083313	14.2330000401
61.3238983154	14.2460000515
61.0075492859	14.2590000629
60.5727119446	14.2730000019
60.246257782	14.2860000134
59.9334182739	14.2990000248
59.4683647156	14.3130002022
59.1445121765	14.3259999752
58.7286605835	14.3389999866
58.3852767944	14.353000164
58.0639076233	14.3660001755
57.5966262817	14.3790001869
57.2773628235	14.3930001259
56.9079360962	14.4060001373
56.6258163452	14.4190001488
56.3494148254	14.4330000877
55.7722015381	14.4460000992
55.4704780579	14.4590001106
55.0364112854	14.4730000496
54.6953010559	14.486000061
54.3963356018	14.4990000725
53.8892211914	14.5130000114
53.6151542664	14.5260000229
53.201713562	14.5400002003
52.8965034485	14.5529999733
52.611492157	14.5659999847
52.2108306885	14.5789999962
51.9055137634	14.5930001736
51.5345458984	14.606000185
51.2472953796	14.6190001965
50.9421882629	14.6330001354
50.5583457947	14.6460001469
50.2469825745	14.6590001583
49.83543396	14.6730000973
49.5830383301	14.6860001087
49.2702865601	14.6990001202
48.9310150146	14.7130000591
48.5756187439	14.7260000706
48.2134628296	14.739000082
47.9573936462	14.753000021
47.6611747742	14.7660000324
47.3033790588	14.7790000439
47.0321502686	14.7929999828
46.4637832642	14.8059999943
46.1966323853	14.8190000057
45.905544281	14.8330001831
45.4893035889	14.8460001945
45.2114601135	14.8589999676
44.8910179138	14.873000145
44.6227912903	14.8860001564
44.3373985291	14.8990001678
43.9134101868	14.9130001068
43.6540031433	14.9260001183
43.103969574	14.9390001297
42.7840461731	14.9530000687
42.4976272583	14.9660000801
42.0220489502	14.9790000916
41.7313041687	14.9930000305
41.2566184998	15.006000042
41.0224876404	15.0190000534
40.7097854614	15.0329999924
40.1965293884	15.0460000038
39.920791626	15.0590000153
39.6012649536	15.0730001926
39.1623802185	15.0860002041
38.8974494934	15.0989999771
38.4600524902	15.1130001545
38.162651062	15.1260001659
37.6828117371	15.1390001774
37.3555412292	15.1530001163
37.065196991	15.1660001278
36.6231880188	15.1790001392
36.3062667847	15.1930000782
35.807964325	15.2060000896
35.5170249939	15.2190001011
35.19739151	15.2330000401
34.7640190125	15.2460000515
34.4543762207	15.2590000629
34.0182533264	15.2730000019
33.7136154175	15.2860000134
33.4021682739	15.2990000248
32.9302368164	15.3120000362
32.6118507385	15.3259999752
32.1599960327	15.3389999866
31.8517303467	15.3519999981
31.4946651459	15.3660001755
31.0474891663	15.3790001869
30.7350845337	15.3930001259
30.2628002167	15.4060001373
29.9219036102	15.4190001488
29.6024932861	15.4320001602
29.1680641174	15.4460000992
28.8034152985	15.4590001106
28.38032341	15.4720001221
28.0576934814	15.486000061
27.7474708557	15.4990000725
27.3415794373	15.5120000839
27.0750236511	15.5260000229
26.6617221832	15.5390000343
26.3729877472	15.5520000458
26.0865478516	15.5659999847
25.6650981903	15.5789999962
25.3586997986	15.5920000076
24.9281387329	15.606000185
24.6311187744	15.6190001965
24.3178405762	15.6319999695
23.8252410889	15.6460001469
23.5318126678	15.6590001583
23.0568275452	15.6720001698
22.7548236847	15.6860001087
22.4621887207	15.6990001202
21.9942874908	15.7120001316
21.7104911804	15.7260000706
21.4015159607	15.739000082
21.0020618439	15.7520000935
20.670425415	15.7660000324
20.2386074066	15.7790000439
19.9506225586	15.7920000553
19.5592384338	15.8059999943
19.2792816162	15.8190000057
19.0083866119	15.8320000172
18.6110687256	15.8460001945
18.3004283905	15.8589999676
18.0714149475	15.871999979
17.6608085632	15.8860001564
17.4162693024	15.8990001678
16.9898147583	15.9120001793
16.6658115387	15.9260001183
16.2525978088	15.9390001297
16.0090122223	15.9520001411
15.7246217728	15.9660000801
15.2293739319	15.9790000916
14.9140920639	15.992000103
14.3802652359	16.006000042
14.0198440552	16.0190000534
13.7097206116	16.0320000648
13.1896028519	16.0460000038
12.8649711609	16.0590000153
12.3253602982	16.0720000267
11.9943056107	16.0860002041
11.6484718323	16.0989999771
11.0828828812	16.1119999886
10.7816724777	16.1260001659
10.1940021515	16.1390001774
9.80179786682	16.1520001888
9.41283416748	16.1660001278
8.84448432922	16.1790001392
8.48589706421	16.1920001507
7.89009475708	16.2060000896
7.51452875137	16.2190001011
7.16297149658	16.2320001125
6.52796459198	16.2460000515
6.19576358795	16.2590000629
5.57955265045	16.2720000744
5.17879343033	16.2860000134
4.77406167984	16.2990000248
4.21070766449	16.3120000362
3.74657988548	16.3259999752
3.13459324837	16.3389999866
2.75274658203	16.3519999981
2.36765933037	16.3660001755
1.88519799709	16.3790001869
1.48403716087	16.3920001984
0.980371534824	16.4060001373
0.580974161625	16.4190001488
0.269348919392	16.4320001602
-0.120274066925	16.4460000992
-0.332089066505	16.4590001106
-0.62991476059	16.4720001221
-0.859310925007	16.486000061
-1.17847621441	16.4990000725
-1.76219296455	16.5120000839
-1.98820650578	16.5260000229
-2.32883548737	16.5390000343
-2.55748152733	16.5520000458
-2.73337960243	16.5659999847
-2.96039915085	16.5789999962
-3.16719865799	16.5920000076
-3.31286501884	16.606000185
-3.46307277679	16.6190001965
-3.64439678192	16.6319999695
-3.78413271904	16.6460001469
-3.94528317451	16.6590001583
-4.03940153122	16.6720001698
-4.12097454071	16.6860001087
-4.19336795807	16.6990001202
-4.22556734085	16.7120001316
-4.28201961517	16.7260000706
-4.37622499466	16.739000082
-4.39337825775	16.7520000935
-4.43390989304	16.7660000324
-4.46223497391	16.7790000439
-4.46785449982	16.7920000553
-4.52040958405	16.8059999943
-4.54951047897	16.8190000057
-4.55146932602	16.8320000172
-4.56881952286	16.8460001945
-4.57228851318	16.8589999676
-4.58745670319	16.871999979
-4.61993026733	16.8860001564
-4.66325139999	16.8990001678
-4.67879343033	16.9130001068
-4.67796564102	16.9260001183
-4.67416477203	16.9390001297
-4.67784929276	16.9520001411
-4.68693399429	16.9660000801
-4.67746686935	16.9790000916
-4.74964666367	16.992000103
-4.74232816696	17.006000042
-4.76979970932	17.0190000534
-4.8211107254	17.0320000648
-4.87592744827	17.0460000038
-4.89508390427	17.0590000153
-4.98813390732	17.0720000267
-5.03428506851	17.0860002041
-5.16082143784	17.0989999771
-5.23445224762	17.1119999886
-5.31671524048	17.1260001659
-5.41860532761	17.1390001774
-5.49099159241	17.1520001888
-5.63882637024	17.1660001278
-5.71151924133	17.1790001392
-5.77491664886	17.1920001507
-5.90689849854	17.2060000896
-5.96255064011	17.2190001011
-5.98902893066	17.2320001125
-6.01251459122	17.2460000515
-6.03460550308	17.2590000629
-6.00375747681	17.2720000744
-5.97889328003	17.2860000134
-5.94346570969	17.2990000248
-5.88626003265	17.3120000362
-5.84811878204	17.3259999752
-5.74822187424	17.3389999866
-5.62857294083	17.3519999981
-5.52572584152	17.3660001755
-5.44158506393	17.3790001869
-5.33040237427	17.3920001984
-5.20931053162	17.4060001373
-5.06145858765	17.4190001488
-4.98287725449	17.4320001602
-4.82405805588	17.4460000992
-4.66420984268	17.4590001106
-4.50047159195	17.4720001221
-4.2899813652	17.486000061
-4.13290119171	17.4990000725
-3.93208813667	17.5130000114
-3.72665667534	17.5260000229
-3.55575156212	17.5390000343
-3.28645300865	17.5529999733
-3.07995223999	17.5659999847
-2.79998254776	17.5789999962
-2.52443981171	17.5920000076
-2.29699540138	17.606000185
-2.06910467148	17.6190001965
-1.91282725334	17.6330001354
-1.72063291073	17.6460001469
-1.49805963039	17.6590001583
-1.38239991665	17.6720001698
-1.25033640862	17.6860001087
-1.28015184402	17.6990001202
-1.10457086563	17.7120001316
-0.959385573864	17.7260000706
-0.899610340595	17.739000082
-0.764533877373	17.7520000935
-0.639005601406	17.7660000324
-0.435561954975	17.7790000439
-0.230671212077	17.7920000553
-0.0462828874588	17.8059999943
0.193257585168	17.8190000057
0.285930901766	17.8320000172
0.557454824448	17.8460001945
0.72512036562	17.8589999676
1.15328919888	17.871999979
1.31282567978	17.8860001564
1.55866277218	17.8990001678
1.79271686077	17.9120001793
1.97430968285	17.9260001183
2.19205498695	17.9390001297
2.41538763046	17.9520001411
2.69588255882	17.9660000801
2.9221367836	17.9790000916
3.18330335617	17.992000103
3.49178481102	18.006000042
3.77991962433	18.0190000534
4.36463880539	18.0320000648
4.72936153412	18.0460000038
5.04428243637	18.0590000153
5.57506275177	18.0720000267
5.94223833084	18.0860002041
6.51445007324	18.0989999771
6.83036661148	18.1119999886
7.2329287529	18.125
7.49316501617	18.1390001774
7.85896348953	18.1520001888
8.53276920319	18.1650002003
8.85643959045	18.1790001392
9.20526981354	18.1920001507
9.88002300262	18.2050001621
10.1787214279	18.2190001011
10.8243074417	18.2320001125
11.1469717026	18.245000124
11.5057621002	18.2580001354
12.2137737274	18.2720000744
12.5938482285	18.2850000858
13.3805456161	18.2990000248
13.6890850067	18.3120000362
14.0581007004	18.3250000477
14.7335796356	18.3380000591
15.049943924	18.3519999981
15.4079999924	18.3650000095
16.1544952393	18.378000021
16.5840320587	18.3920001984
17.3330249786	18.4049999714
17.6943149567	18.4179999828
18.4594078064	18.4320001602
18.8903751373	18.4450001717
19.1324253082	18.4580001831
19.8327693939	18.4720001221
20.2047386169	18.4850001335
20.8777713776	18.4990000725
21.2389354706	18.5120000839
21.612821579	18.5250000954
22.2005577087	18.5390000343
22.5361614227	18.5520000458
23.1055641174	18.5650000572
23.4360942841	18.5789999962
23.7549858093	18.5920000076
24.3182373047	18.6050000191
24.6244754791	18.6190001965
25.1613712311	18.6319999695
25.4833145142	18.6460001469
25.7782421112	18.6590001583
26.2694339752	18.6720001698
26.5458335876	18.6860001087
26.9341087341	18.6990001202
27.2574310303	18.7120001316
27.5262565613	18.7260000706
27.9644393921	18.739000082
28.2175216675	18.7520000935
28.6446380615	18.7660000324
28.9332847595	18.7790000439
29.200712204	18.7920000553
29.6240596771	18.8059999943
29.8670120239	18.8190000057
30.3138942719	18.8320000172
30.5553283691	18.8450000286
30.8039455414	18.8589999676
31.2266693115	18.871999979
31.4593029022	18.8849999905
31.8526268005	18.8990001678
32.090637207	18.9120001793
32.3803520203	18.9250001907
32.7905960083	18.9390001297
33.0772857666	18.9520001411
33.490322113	18.9650001526
33.7660064697	18.9790000916
34.0800743103	18.992000103
34.4714660645	19.0050001144
34.7319068909	19.0190000534
35.1015968323	19.0320000648
35.3693275452	19.0450000763
35.6186218262	19.0590000153
35.9887199402	19.0720000267
36.2425537109	19.0850000381
36.5741462708	19.0989999771
36.8232803345	19.1119999886
37.0677337646	19.125
37.4337310791	19.1390001774
37.7084465027	19.1520001888
38.0721817017	19.1650002003
38.3258361816	19.1790001392
38.5484962463	19.1920001507
38.832195282	19.2050001621
39.0739479065	19.2190001011
39.4258460999	19.2320001125
39.6786766052	19.245000124
39.9336929321	19.2590000629
40.3411827087	19.2720000744
40.6047897339	19.2850000858
40.9928817749	19.2990000248
41.248500824	19.3120000362
41.5097465515	19.3250000477
41.9120674133	19.3389999866
42.1679611206	19.3519999981
42.5675735474	19.3650000095
42.8418540955	19.3790001869
43.0881156921	19.3920001984
43.5073661804	19.4049999714
43.7791290283	19.4190001488
44.2033996582	19.4320001602
44.4574546814	19.4450001717
44.7401428223	19.4590001106
45.1484375	19.4720001221
45.416015625	19.4850001335
45.8203659058	19.4990000725
46.1184120178	19.5120000839
46.3926010132	19.5250000954
46.7951126099	19.5390000343
46.9999732971	19.5520000458
47.3918380737	19.5650000572
47.6499328613	19.5789999962
47.9095344543	19.5920000076
48.3328285217	19.6050000191
48.5891418457	19.6190001965
48.9794654846	19.6319999695
49.2591590881	19.6449999809
49.5106163025	19.6590001583
49.8992958069	19.6720001698
50.1480560303	19.6850001812
50.5497283936	19.6990001202
50.8287086487	19.7120001316
51.090259552	19.7250001431
51.4869613647	19.739000082
51.7159614563	19.7520000935
52.1116485596	19.7650001049
52.4038963318	19.7790000439
52.6541023254	19.7920000553
53.0541610718	19.8050000668
53.3446083069	19.8180000782
53.742099762	19.8320000172
54.0530891418	19.8450000286
54.3273849487	19.8580000401
54.752696991	19.871999979
55.0480690002	19.8849999905
55.5013313293	19.8980000019
55.7849388123	19.9120001793
56.0992126465	19.9250001907
56.5551338196	19.9380002022
56.8294181824	19.9530000687
57.2534942627	19.9660000801
57.5319252014	19.9790000916
57.8352584839	19.9930000305
58.2516212463	20.006000042
58.561958313	20.0190000534
59.011089325	20.0329999924
59.3281440735	20.0460000038
59.6145439148	20.0590000153
60.1129722595	20.0730001926
60.4130897522	20.0860002041
60.8591537476	20.0989999771
61.1916885376	20.1130001545
61.5121078491	20.1260001659
62.0016975403	20.1390001774
62.3192939758	20.1530001163
62.8020439148	20.1660001278
63.1289901733	20.1790001392
63.4411392212	20.1930000782
63.9241447449	20.2060000896
64.2429962158	20.2200000286
64.7258300781	20.2330000401
65.0634918213	20.2460000515
65.5596160889	20.2599999905
65.8673324585	20.2730000019
66.2079772949	20.2860000134
66.6502914429	20.3000001907
67.0202331543	20.3130002022
67.4636383057	20.3270001411
67.7827758789	20.3400001526
68.0973587036	20.353000164
68.4967575073	20.367000103
68.7749710083	20.3800001144
69.2478179932	20.3930001259
69.5730209351	20.4070000648
69.8800048828	20.4200000763
70.3136367798	20.4330000877
70.6038742065	20.4470000267
71.0452804565	20.4600000381
71.354888916	20.4730000496
71.6569061279	20.4869999886
72.1131134033	20.5
72.3868408203	20.5130000114
72.844291687	20.5270001888
73.1646881104	20.5400002003
73.4683303833	20.5529999733
73.8837280273	20.5670001507
74.2400360107	20.5800001621
74.6703872681	20.5930001736
75.010925293	20.6070001125
75.2965698242	20.620000124
75.73878479	20.6330001354
76.0183944702	20.6470000744
76.4632644653	20.6600000858
76.743560791	20.6730000973
77.0636978149	20.6870000362
77.4744110107	20.7000000477
77.7896118164	20.7130000591
78.2158889771	20.7269999981
78.5044555664	20.7400000095
78.7916030884	20.753000021
79.2344436646	20.7670001984
79.525177002	20.7799999714
79.9620666504	20.7929999828
80.2675628662	20.8070001602
80.6265945435	20.8200001717
81.0645751953	20.8330001831
81.3802947998	20.8470001221
81.7322006226	20.8600001335
82.1874313354	20.873000145
82.531036377	20.8870000839
82.9800338745	20.9000000954
83.3177871704	20.9130001068
83.806854248	20.9270000458
84.1187438965	20.9400000572
84.5011520386	20.9530000687
84.9722213745	20.9670000076
85.3259887695	20.9800000191
85.8343887329	20.9930000305
86.1718444824	21.0069999695
86.5562667847	21.0199999809
87.0609664917	21.0329999924
87.4203338623	21.0470001698
87.8441772461	21.0600001812
88.209564209	21.0730001926
88.5503311157	21.0870001316
89.0323867798	21.1000001431
89.3421096802	21.1130001545
89.8425369263	21.1270000935
90.1572341919	21.1400001049
90.51121521	21.1530001163
91.0262451172	21.1670000553
91.4095993042	21.1800000668
91.9703216553	21.1930000782
92.3270721436	21.2070000172
92.7200164795	21.2200000286
93.2038650513	21.2330000401
93.5830154419	21.246999979
94.0252532959	21.2599999905
94.411529541	21.2730000019
94.6990432739	21.2870001793
95.1315002441	21.3000001907
95.447593689	21.3130002022
95.8800048828	21.3270001411
96.1829605103	21.3400001526
96.4815597534	21.353000164
96.9170913696	21.367000103
97.2434539795	21.3800001144
97.6267242432	21.3930001259
97.9775924683	21.4070000648
98.2695770264	21.4200000763
98.7063827515	21.4330000877
99.0208587646	21.4470000267
99.4732894897	21.4600000381
99.7827911377	21.4730000496
100.118865967	21.4869999886
100.580970764	21.5
100.8829422	21.5130000114
101.39012146	21.5270001888
101.701042175	21.5400002003
102.16607666	21.5529999733
102.516357422	21.5670001507
102.850318909	21.5800001621
103.379127502	21.5930001736
103.690742493	21.6070001125
104.036582947	21.620000124
104.546539307	21.6330001354
104.945541382	21.6460001469
105.481140137	21.6600000858
105.912605286	21.6730000973
106.274673462	21.6860001087
106.81262207	21.7000000477
107.164344788	21.7130000591
107.711807251	21.7260000706
108.07660675	21.7400000095
108.442703247	21.753000021
108.991729736	21.7660000324
109.369903564	21.7799999714
109.907188416	21.7929999828
110.29473877	21.8059999943
110.646446228	21.8200001717
111.238090515	21.8330001831
111.618423462	21.8470001221
112.232505798	21.8600001335
112.620552063	21.873000145
112.993911743	21.8870000839
113.621818542	21.9000000954
114.037658691	21.9130001068
114.60459137	21.9270000458
115.014778137	21.9400000572
115.407897949	21.9530000687
116.030685425	21.9670000076
116.454223633	21.9800000191
117.046524048	21.9930000305
117.483314514	22.0069999695
117.908882141	22.0199999809
118.523483276	22.0329999924
118.969482422	22.0460000038
119.604751587	22.0600001812
120.060295105	22.0730001926
120.675437927	22.0860002041
121.121795654	22.1000001431
121.592475891	22.1130001545
122.185722351	22.1260001659
122.601631165	22.1400001049
123.213607788	22.1530001163
123.639839172	22.1660001278
124.103302002	22.1800000668
124.73474884	22.1930000782
125.097473145	22.2060000896
125.659622192	22.2200000286
126.105262756	22.2330000401
126.522689819	22.2460000515
127.09539032	22.2599999905
127.492042542	22.2730000019
128.063903809	22.2860000134
128.406021118	22.3000001907
128.778610229	22.3130002022
129.317260742	22.3259999752
129.673538208	22.3400001526
130.18951416	22.353000164
130.558319092	22.3660001755
130.882385254	22.3800001144
131.343658447	22.3930001259
131.716491699	22.4060001373
132.02180481	22.4200000763
132.452194214	22.4330000877
132.820281982	22.4460000992
133.304611206	22.4600000381
133.525604248	22.4730000496
133.978240967	22.486000061
134.2628479	22.5
134.545196533	22.5130000114
134.989059448	22.5260000229
135.293380737	22.5400002003
135.728500366	22.5529999733
136.007019043	22.5659999847
136.362197876	22.5800001621
136.706512451	22.5930001736
136.99206543	22.606000185
137.456573486	22.620000124
137.736206055	22.6330001354
138.071640015	22.6460001469
138.538604736	22.6600000858
138.738983154	22.6730000973
139.226043701	22.6860001087
139.545379639	22.7000000477
139.929718018	22.7130000591
140.454147339	22.7260000706
140.802810669	22.7400000095
141.29637146	22.753000021
141.575622559	22.7660000324
141.937774658	22.7799999714
142.399490356	22.7929999828
142.760635376	22.8059999943
143.190719604	22.8200001717
143.476226807	22.8330001831
143.80859375	22.8460001945
144.198638916	22.8600001335
144.56137085	22.873000145
144.93548584	22.8860001564
145.313613892	22.9000000954
145.701278687	22.9130001068
146.16506958	22.9260001183
146.569641113	22.9400000572
146.974227905	22.9530000687
147.325485229	22.9660000801
147.700698853	22.9800000191
148.09942627	22.9930000305
148.601043701	23.006000042
148.953552246	23.0199999809
149.358642578	23.0329999924
149.724517822	23.0460000038
150.189743042	23.0600001812
150.570220947	23.0730001926
151.12562561	23.0860002041
151.410049438	23.1000001431
151.874725342	23.1130001545
152.397460938	23.1260001659
152.770889282	23.1400001049
153.400512695	23.1530001163
153.698242188	23.1660001278
154.151031494	23.1800000668
154.72543335	23.1930000782
155.214874268	23.2060000896
155.775985718	23.2200000286
156.250213623	23.2330000401
156.701248169	23.2460000515
157.366836548	23.2599999905
157.85043335	23.2730000019
158.565475464	23.2860000134
158.904083252	23.3000001907
159.395263672	23.3130002022
160.02355957	23.3259999752
160.570724487	23.3400001526
161.104293823	23.353000164
161.569030762	23.3660001755
161.959487915	23.3800001144
162.623214722	23.3930001259
163.05368042	23.4060001373
163.633651733	23.4200000763
164.112091064	23.4330000877
164.444702148	23.4460000992
165.06930542	23.4600000381
165.408920288	23.4730000496
166.183532715	23.486000061
166.478378296	23.5
166.945098877	23.5130000114
167.594329834	23.5260000229
168.05406189	23.5400002003
168.674865723	23.5529999733
169.042312622	23.5659999847
169.468383789	23.5800001621
169.99760437	23.5930001736
170.344955444	23.606000185
170.845901489	23.620000124
171.146026611	23.6330001354
171.43737793	23.6460001469
171.788009644	23.6600000858
172.017028809	23.6730000973
172.347091675	23.6860001087
172.571578979	23.7000000477
172.796234131	23.7130000591
173.080169678	23.7260000706
173.232421875	23.7400000095
173.46824646	23.753000021
173.663009644	23.7660000324
173.753463745	23.7799999714
173.928787231	23.7929999828
174.055999756	23.8059999943
174.182006836	23.8200001717
174.207580566	23.8330001831
174.261428833	23.8460001945
174.292755127	23.8600001335
174.338729858	23.873000145
174.357070923	23.8860001564
174.418640137	23.9000000954
174.411514282	23.9130001068
174.430099487	23.9260001183
174.441619873	23.9400000572
174.430328369	23.9530000687
174.470870972	23.9660000801
174.468887329	23.9800000191
174.421600342	23.9930000305
174.471374512	24.006000042
174.350082397	24.0199999809
174.308837891	24.0329999924
174.24055481	24.0460000038
174.054718018	24.0600001812
173.995910645	24.0730001926
173.786651611	24.0860002041
173.686477661	24.1000001431
173.577819824	24.1130001545
173.510498047	24.1260001659
173.496932983	24.1400001049
173.463760376	24.1530001163
173.547897339	24.1660001278
173.487106323	24.1800000668
173.422683716	24.1930000782
173.399337769	24.2060000896
173.431732178	24.2200000286
173.468521118	24.2330000401
173.449035645	24.2460000515
173.495849609	24.2599999905
173.484680176	24.2730000019
173.590896606	24.2860000134
173.632385254	24.3000001907
173.715698242	24.3130002022
173.942214966	24.3259999752
174.084686279	24.3400001526
174.322845459	24.353000164
174.490951538	24.3660001755
174.656814575	24.3800001144
174.897247314	24.3930001259
175.023864746	24.4060001373
175.208221436	24.4200000763
175.398162842	24.4330000877
175.597747803	24.4460000992
175.801651001	24.4590001106
175.974349976	24.4730000496
176.178756714	24.486000061
176.326004028	24.5
